function Main()
    walka()
    walka()
end
function walka()
    Move( 54, 20, 67, 40,162,111, 75,108,104,120,103, 80, 90, 72, 78,102, 90, 90, 90, 90,500,500)
    Move(105, 31, 67, 65,162,111, 75, 58, 55,122,100, 80, 90, 72, 78,102, 90, 90, 90, 90,240,280)
    Move(135, 20, 66,120,162,123, 75, 61,115, 68,100, 80, 90, 72, 78,102, 90, 90, 90, 90,240,280)
    Move(121, 20, 67, 85,151,110,100, 90,108,100, 79,105, 74, 69, 66, 79, 90, 90, 90, 90,500,500)
    Move(105, 20, 67, 65,162,111, 98, 87,108,100, 79,105,123,125, 57, 80, 90, 90, 90, 90,240,280)
    Move(105, 20, 67, 65,162,111,100, 87,108,100, 79,104,114, 72,105, 80, 90, 90, 90, 90,240,280)
end
