function Main()
    backa()
    backa()
end
function backa()
    Move(105, 20, 67, 65,162,111,100, 87,108,100, 78,104,114, 65,108, 80, 90, 90, 90, 90,480,520)
    Move(105, 20, 67, 65,162,111,100, 87,108,100, 78,104,110,125, 50, 80, 90, 90, 90, 90,240,240)
    Move(121, 20, 67, 85,162,111,100, 90,108,102, 78,105, 80, 80, 61, 80, 90, 90, 90, 90,240,240)
    Move(135, 35, 66,120,162,123, 75, 68,115, 71,102, 80, 90, 72, 78,102, 90, 90, 90, 90,480,520)
    Move(105, 30, 67, 65,162,111, 75, 70, 55,135,100, 80, 90, 72, 78,102, 90, 90, 90, 90,240,240)
    Move( 54, 32, 67, 40,162,111, 75,100,100,120,100, 80, 90, 72, 78,100, 90, 90, 90, 90,240,240)
end
