function Main()
    fet1()
    down()
    fet2()
    d()
    d()
    d()
    fet3()
    d1()
    d1()
    d1()
    d1()
    fet4()
    up()
end
function fet1()
    Move( 90, 20, 70, 90,150,115, 90, 94,131, 87, 90, 91, 86, 41, 97, 90, 90, 90, 90, 90,500,500)
end
function down()
    Move( 90,  1, 84, 90,156,125, 90,105,121, 98, 90, 90, 77, 60, 81, 90, 90, 90, 90, 90,800,800)
    Move(  5,  0, 90,180,171,101, 90,  9,150, 52, 97, 90,171, 30,127, 90, 90, 90, 90, 90,800,1000)
    Move(  0,  1, 84,180,176, 96, 90, 27,158,101, 90, 90,147, 15, 82, 90, 90, 90, 90, 90,700,700)
end
function fet2()
    Move(  0, 11, 90,180,179, 90, 90,114,148, 73, 92, 90, 67, 30,110, 88, 90, 90, 90, 90,1000,1000)
end
function d()
    Move(  0, 15, 90,180,176, 90, 90,113,148, 71, 92, 90, 67, 30,110, 88, 90, 90, 90, 90,500,500)
    Move(  0, 61,  4,180,121,180, 90,114,147, 74, 92, 90, 67, 30,109, 88, 90, 90, 90, 90,500,500)
end
function fet3()
    Move(  0, 15, 90,180,176, 90, 90,113,148, 71, 92, 90, 67, 30,110, 88, 90, 90, 90, 90,500,500)
    Move(  0, 15, 90,180,177, 90, 90,124,148, 71, 92,136, 82, 48,110, 88, 90, 90, 90, 90,500,500)
    Move(  0, 15, 55,180, 94, 90, 90,124,148, 71, 92,136, 82, 48,110, 88, 90, 90, 90, 90,500,500)
end
function d1()
    Move(  0, 15, 55,180, 94, 90, 90,124,148, 71, 92,143, 82, 48,110, 88, 90, 90, 90, 90,500,500)
    Move(  0, 56,  0,180, 94, 90, 90,124,148, 71, 92,143, 82, 48,110, 88, 90, 90, 90, 90,500,500)
end
function fet4()
    Move(  0, 15, 55,180, 94, 90, 90,124,148, 71, 92,136, 82, 48,110, 88, 90, 90, 90, 90,500,500)
    Move(  0, 15, 90,180,177, 90, 90,124,148, 71, 92,136, 82, 48,110, 88, 90, 90, 90, 90,500,500)
    Move(  0, 15, 90,180,176, 90, 90,113,148, 71, 92, 90, 67, 30,110, 88, 90, 90, 90, 90,500,500)
end
function up()
    Move(  0,  1, 90,180,180, 90, 83, 30,164, 87, 92, 94,150, 16, 93, 88, 90, 90, 90, 90,300,1000)
    Move(  0,  5, 91,180,175, 90, 85, 10,170, 60, 90, 95,170, 10,120, 90, 90, 90, 90, 90,300,1000)
    Move(  0,  1, 90,180,180, 90, 85, 10,170, 45, 90, 95,170, 10,135, 86, 90, 90, 90, 90,300,800)
    Move(  0,  1, 90,180,180, 90, 85, 30,160, 35, 90, 95,150, 20,145, 86, 90, 90, 90, 90,1000,1000)
    Move( 90, 13, 90, 90,169, 90, 90, 63, 76,110, 90, 91,116,106, 72, 90, 90, 90, 90, 90,1000,1000)
end
